 	609	 	 	 	 	
 	931	901	 	 	 	
541	174	603	 	 	 	
262	102	341	 	 	358	
915	917	817	 	151	923	
294	652	391	808	679	862	
4	6	5	1	2	3	
A: 1	2	3	6	
B: 4	5	
----------------------------------------------------------
1 + method 1
start2end4
 	 	 	 	 	 	
 	931	901	 	 	 	
541	174	603	 	 	 	
262	102	341	 	 	358	
915	917	817	609	151	923	
294	652	391	808	679	862	
4	5	5	2	2	3	
A: 1	2	3	6	
B: 4	5	
----------------------------------------------------------
----------------------------------------------------------
2 + method 1
start1end4
 	 	 	 	 	 	
 	931	901	 	 	 	
 	174	603	 	 	 	
262	102	341	541	 	358	
915	917	817	609	151	923	
294	652	391	808	679	862	
3	5	5	3	2	3	
A: 1	2	3	6	
B: 4	5	
----------------------------------------------------------
----------------------------------------------------------
3 + method 1
start6end4
 	 	 	 	 	 	
 	931	901	 	 	 	
 	174	603	358	 	 	
262	102	341	541	 	 	
915	917	817	609	151	923	
294	652	391	808	679	862	
3	5	5	4	2	2	
A: 1	2	3	6	
B: 4	5	
----------------------------------------------------------
----------------------------------------------------------
4 + method 1
start1end4
 	 	 	 	 	 	
 	931	901	262	 	 	
 	174	603	358	 	 	
 	102	341	541	 	 	
915	917	817	609	151	923	
294	652	391	808	679	862	
2	5	5	5	2	2	
A: 1	2	3	6	
B: 4	5	
----------------------------------------------------------
----------------------------------------------------------
5 + method 2
start6end5
 	 	 	 	 	 	
 	931	901	262	 	 	
 	174	603	358	 	 	
 	102	341	541	923	 	
915	917	817	609	151	 	
294	652	391	808	679	862	
2	5	5	5	3	1	
A: 1	2	3	5	
B: 4	6	
----------------------------------------------------------
----------------------------------------------------------
6 + method 2
start6end4
 	 	 	862	 	 	
 	931	901	262	 	 	
 	174	603	358	 	 	
 	102	341	541	923	 	
915	917	817	609	151	 	
294	652	391	808	679	 	
2	5	5	6	3	0	
A: 1	2	3	4	5	
B: 6	
----------------------------------------------------------
----------------------------------------------------------
7 + method 1
start2end6
 	 	 	862	 	 	
 	 	901	262	 	 	
 	174	603	358	 	 	
 	102	341	541	923	 	
915	917	817	609	151	 	
294	652	391	808	679	931	
2	4	5	6	3	1	
A: 1	2	3	4	5	
B: 6	
----------------------------------------------------------
----------------------------------------------------------
8 + method 1
start5end6
 	 	 	862	 	 	
 	 	901	262	 	 	
 	174	603	358	 	 	
 	102	341	541	 	 	
915	917	817	609	151	923	
294	652	391	808	679	931	
2	4	5	6	2	2	
A: 1	2	3	4	
B: 5	6	
----------------------------------------------------------
----------------------------------------------------------
9 + method 1
start1end6
 	 	 	862	 	 	
 	 	901	262	 	 	
 	174	603	358	 	 	
 	102	341	541	 	915	
 	917	817	609	151	923	
294	652	391	808	679	931	
1	4	5	6	2	3	
A: 2	3	4	
B: 1	5	6	
----------------------------------------------------------
----------------------------------------------------------
10 + method 1
start3end6
 	 	 	862	 	 	
 	 	 	262	 	 	
 	174	603	358	 	901	
 	102	341	541	 	915	
 	917	817	609	151	923	
294	652	391	808	679	931	
1	4	4	6	2	4	
A: 2	3	4	
B: 1	5	6	
----------------------------------------------------------
----------------------------------------------------------
11 + method 1
start4end6
 	 	 	 	 	 	
 	 	 	262	 	862	
 	174	603	358	 	901	
 	102	341	541	 	915	
 	917	817	609	151	923	
294	652	391	808	679	931	
1	4	4	5	2	5	
A: 2	3	
B: 1	4	5	6	
----------------------------------------------------------
----------------------------------------------------------
12 + method 1
start3end6
 	 	 	 	 	603	
 	 	 	262	 	862	
 	174	 	358	 	901	
 	102	341	541	 	915	
 	917	817	609	151	923	
294	652	391	808	679	931	
1	4	3	5	2	6	
A: 2	3	
B: 1	4	5	6	
----------------------------------------------------------
----------------------------------------------------------
13 + method 1
start3end6
 	 	 	 	 	603	
 	 	 	262	 	862	
 	174	 	358	 	901	
 	102	 	541	 	915	
 	917	817	609	151	923	
294	652	391	808	679	931	
1	4	2	5	2	6	
A: 2	3	
B: 1	4	5	
----------------------------------------------------------
----------------------------------------------------------
14 + method 1
start2end4
 	 	 	174	 	603	
 	 	 	262	 	862	
 	 	 	358	 	901	
 	102	 	541	 	915	
 	917	817	609	151	923	
294	652	391	808	679	931	
1	3	2	6	2	6	
A: 2	3	
B: 1	4	5	
----------------------------------------------------------
----------------------------------------------------------
15 + method 1
start2end5
 	 	 	174	 	603	
 	 	 	262	 	862	
 	 	 	358	 	901	
 	 	 	541	102	915	
 	917	817	609	151	923	
294	652	391	808	679	931	
1	2	2	6	3	6	
A: 2	3	
B: 1	4	5	
----------------------------------------------------------
----------------------------------------------------------
16 + method 2
start1end5
 	 	 	174	 	603	
 	 	 	262	 	862	
 	 	 	358	294	901	
 	 	 	541	102	915	
 	917	817	609	151	923	
 	652	391	808	679	931	
0	2	2	6	4	6	
A: 2	3	5	
B: 1	4	
----------------------------------------------------------
----------------------------------------------------------
17 + method 1
start2end1
 	 	 	174	 	603	
 	 	 	262	 	862	
 	 	 	358	294	901	
 	 	 	541	102	915	
 	 	817	609	151	923	
917	652	391	808	679	931	
1	1	2	6	4	6	
A: 3	5	
B: 1	2	4	
----------------------------------------------------------
----------------------------------------------------------
18 + method 1
start3end1
 	 	 	174	 	603	
 	 	 	262	 	862	
 	 	 	358	294	901	
 	 	 	541	102	915	
817	 	 	609	151	923	
917	652	391	808	679	931	
2	1	1	6	4	6	
A: 5	
B: 1	2	3	4	
----------------------------------------------------------
----------------------------------------------------------
19 + method 1
start5end3
 	 	 	174	 	603	
 	 	 	262	 	862	
 	 	 	358	 	901	
 	 	 	541	102	915	
817	 	294	609	151	923	
917	652	391	808	679	931	
2	1	2	6	3	6	
A: 
B: 1	2	3	4	5	
----------------------------------------------------------
Total steps: 19
