20	 	 	 	 	 	 	 	50	 	
40	 	80	 	 	10	70	 	70	60	
40	10	70	 	60	60	80	 	100	60	
40	70	60	30	90	10	60	 	70	20	
60	90	20	60	90	30	90	30	20	50	
5	3	4	2	3	4	4	1	5	4	
A: 3	6	7	9	10	
B: 2	4	5	8	
----------------------------------------------------------
1 + method 1
start10end5
20	 	 	 	 	 	 	 	50	 	
40	 	80	 	60	10	70	 	70	 	
40	10	70	 	60	60	80	 	100	60	
40	70	60	30	90	10	60	 	70	20	
60	90	20	60	90	30	90	30	20	50	
5	3	4	2	4	4	4	1	5	3	
A: 3	6	7	9	10	
B: 2	4	5	8	
----------------------------------------------------------
----------------------------------------------------------
2 + method 1
start10end5
20	 	 	 	60	 	 	 	50	 	
40	 	80	 	60	10	70	 	70	 	
40	10	70	 	60	60	80	 	100	 	
40	70	60	30	90	10	60	 	70	20	
60	90	20	60	90	30	90	30	20	50	
5	3	4	2	5	4	4	1	5	2	
A: 3	6	7	9	
B: 2	4	8	10	
----------------------------------------------------------
----------------------------------------------------------
3 + method 1
start6end2
20	 	 	 	60	 	 	 	50	 	
40	10	80	 	60	 	70	 	70	 	
40	10	70	 	60	60	80	 	100	 	
40	70	60	30	90	10	60	 	70	20	
60	90	20	60	90	30	90	30	20	50	
5	4	4	2	5	3	4	1	5	2	
A: 3	6	7	9	
B: 2	4	8	10	
----------------------------------------------------------
----------------------------------------------------------
4 + method 2
2A4: 1
start8end4
20	 	 	 	60	 	 	 	50	 	
40	10	80	 	60	 	70	 	70	 	
40	10	70	30	60	60	80	 	100	 	
40	70	60	30	90	10	60	 	70	20	
60	90	20	60	90	30	90	 	20	50	
5	4	4	3	5	3	4	0	5	2	
A: 3	6	7	9	
B: 2	4	8	10	
----------------------------------------------------------
----------------------------------------------------------
5 + method 1
start3end8
20	 	 	 	60	 	 	 	50	 	
40	10	 	 	60	 	70	 	70	 	
40	10	70	30	60	60	80	 	100	 	
40	70	60	30	90	10	60	 	70	20	
60	90	20	60	90	30	90	80	20	50	
5	4	3	3	5	3	4	1	5	2	
A: 3	6	7	9	
B: 2	4	8	10	
----------------------------------------------------------
----------------------------------------------------------
6 + method 1
start7end8
20	 	 	 	60	 	 	 	50	 	
40	10	 	 	60	 	 	 	70	 	
40	10	70	30	60	60	80	 	100	 	
40	70	60	30	90	10	60	70	70	20	
60	90	20	60	90	30	90	80	20	50	
5	4	3	3	5	3	3	2	5	2	
A: 3	6	7	9	
B: 2	4	8	10	
----------------------------------------------------------
----------------------------------------------------------
7 + method 1
start3end8
20	 	 	 	60	 	 	 	50	 	
40	10	 	 	60	 	 	 	70	 	
40	10	 	30	60	60	80	70	100	 	
40	70	60	30	90	10	60	70	70	20	
60	90	20	60	90	30	90	80	20	50	
5	4	2	3	5	3	3	3	5	2	
A: 3	6	7	9	
B: 2	4	8	10	
----------------------------------------------------------
----------------------------------------------------------
8 + method 1
start6end8
20	 	 	 	60	 	 	 	50	 	
40	10	 	 	60	 	 	60	70	 	
40	10	 	30	60	 	80	70	100	 	
40	70	60	30	90	10	60	70	70	20	
60	90	20	60	90	30	90	80	20	50	
5	4	2	3	5	2	3	4	5	2	
A: 3	7	9	
B: 2	4	6	8	10	
----------------------------------------------------------
----------------------------------------------------------
9 + method 1
start3end8
20	 	 	 	60	 	 	60	50	 	
40	10	 	 	60	 	 	60	70	 	
40	10	 	30	60	 	80	70	100	 	
40	70	 	30	90	10	60	70	70	20	
60	90	20	60	90	30	90	80	20	50	
5	4	1	3	5	2	3	5	5	2	
A: 7	9	
B: 2	3	4	6	10	
----------------------------------------------------------
----------------------------------------------------------
10 + method 2
2A10: 2
start3end10
20	 	 	 	60	 	 	60	50	 	
40	10	 	 	60	 	 	60	70	 	
40	10	 	30	60	 	80	70	100	20	
40	70	 	30	90	10	60	70	70	20	
60	90	 	60	90	30	90	80	20	50	
5	4	0	3	5	2	3	5	5	3	
A: 7	9	
B: 2	3	4	6	10	
----------------------------------------------------------
----------------------------------------------------------
11 + method 1
start7end3
20	 	 	 	60	 	 	60	50	 	
40	10	 	 	60	 	 	60	70	 	
40	10	 	30	60	 	 	70	100	20	
40	70	 	30	90	10	60	70	70	20	
60	90	80	60	90	30	90	80	20	50	
5	4	1	3	5	2	2	5	5	3	
A: 9	
B: 2	3	4	6	7	10	
----------------------------------------------------------
----------------------------------------------------------
12 + method 1
start9end7
20	 	 	 	60	 	 	60	 	 	
40	10	 	 	60	 	 	60	70	 	
40	10	 	30	60	 	50	70	100	20	
40	70	 	30	90	10	60	70	70	20	
60	90	80	60	90	30	90	80	20	50	
5	4	1	3	5	2	3	5	4	3	
A: 9	
B: 2	3	4	6	7	10	
----------------------------------------------------------
----------------------------------------------------------
13 + method 1
start9end3
20	 	 	 	60	 	 	60	 	 	
40	10	 	 	60	 	 	60	 	 	
40	10	 	30	60	 	50	70	100	20	
40	70	70	30	90	10	60	70	70	20	
60	90	80	60	90	30	90	80	20	50	
5	4	2	3	5	2	3	5	3	3	
A: 9	
B: 2	3	4	6	7	10	
----------------------------------------------------------
----------------------------------------------------------
14 + method 2
start3end2
20	70	 	 	60	 	 	60	 	 	
40	10	 	 	60	 	 	60	 	 	
40	10	 	30	60	 	50	70	100	20	
40	70	 	30	90	10	60	70	70	20	
60	90	80	60	90	30	90	80	20	50	
5	5	1	3	5	2	3	5	3	3	
A: 2	9	
B: 3	4	6	7	10	
----------------------------------------------------------
----------------------------------------------------------
15 + method 1
2233fuck !!!!!!!!!!!!!!!!!
start3end6
20	70	 	 	60	 	 	60	 	 	
40	10	 	 	60	 	 	60	 	 	
40	10	 	30	60	80	50	70	100	20	
40	70	 	30	90	10	60	70	70	20	
60	90	 	60	90	30	90	80	20	50	
5	5	0	3	5	3	3	5	3	3	
A: 2	6	9	
B: 3	4	7	10	
----------------------------------------------------------
----------------------------------------------------------
16 + method 1
start9end3
20	70	 	 	60	 	 	60	 	 	
40	10	 	 	60	 	 	60	 	 	
40	10	 	30	60	80	50	70	 	20	
40	70	 	30	90	10	60	70	70	20	
60	90	100	60	90	30	90	80	20	50	
5	5	1	3	5	3	3	5	2	3	
A: 2	6	9	
B: 3	4	7	10	
----------------------------------------------------------
----------------------------------------------------------
17 + method 1
start6end3
20	70	 	 	60	 	 	60	 	 	
40	10	 	 	60	 	 	60	 	 	
40	10	 	30	60	 	50	70	 	20	
40	70	80	30	90	10	60	70	70	20	
60	90	100	60	90	30	90	80	20	50	
5	5	2	3	5	2	3	5	2	3	
A: 2	9	
B: 3	4	6	7	10	
----------------------------------------------------------
----------------------------------------------------------
18 + method 1
start9end3
20	70	 	 	60	 	 	60	 	 	
40	10	 	 	60	 	 	60	 	 	
40	10	70	30	60	 	50	70	 	20	
40	70	80	30	90	10	60	70	 	20	
60	90	100	60	90	30	90	80	20	50	
5	5	3	3	5	2	3	5	1	3	
A: 2	
B: 3	4	6	7	9	10	
----------------------------------------------------------
----------------------------------------------------------
19 + method 1
start2end3
20	 	 	 	60	 	 	60	 	 	
40	10	70	 	60	 	 	60	 	 	
40	10	70	30	60	 	50	70	 	20	
40	70	80	30	90	10	60	70	 	20	
60	90	100	60	90	30	90	80	20	50	
5	4	4	3	5	2	3	5	1	3	
A: 
B: 2	3	4	6	7	9	10	
----------------------------------------------------------
Total steps: 19
0.001000 seconds
